p.Km=4;
p.Ra=8;
p.Kf=0.004774648;
p.Kb=0.002864789;
p.N=20;
p.Jl=0.09;
p.Jm=.0005;
p.Kp = 2.5;
p.Ki = 1.3;
p.Kd = 0.4;
p.Kfilter = 0.001;
p.Amp = -4;